1.362679487,	0
1.313365385,	0.046266682
1.294646154,	0.066337817
1.260428205,	0.084767137
1.195816667,	0.118717954
1.150729487,	0.132667898
1.098396154,	0.16181059
1.069411538,	0.174664702
1.023720513,	0.199986807
0.981451282,	0.207444913
0.95669359 ,	0.232850172
0.916235897,	0.252345672
0.873564103,	0.25458117
0.813179487,	0.263025524
0.764871795,	0.271895319
0.754807692,	0.280404134
0.686371795,	0.276961932
0.642089744,	0.27965639
0.581705128,	0.26267099
0.485089744,	0.242346525
0.440807692,	0.213165157
0.374384615,	0.18104438
0.291858974,	0.14581015
0.263679487,	0.135954106
0.237512821,	0.122462477
0.165051282,	0.085101043
0	      ,     0